0 0.242969 0.105469 0.314063 0.210938
0 0.218750 0.260937 0.353125 0.253125
0 0.274219 0.421875 0.467187 0.225000
0 0.391406 0.514844 0.242188 0.132812
0 0.364063 0.544531 0.184375 0.114062
0 0.296094 0.575000 0.295312 0.118750
0 0.247656 0.609375 0.217188 0.121875
0 0.489844 0.110937 0.264062 0.221875
0 0.400781 0.271875 0.420312 0.225000
0 0.388281 0.421875 0.407813 0.228125
0 0.477344 0.513281 0.245312 0.126562
0 0.442188 0.546875 0.181250 0.128125
0 0.381250 0.585156 0.284375 0.117188
1 0.092969 0.660937 0.079687 0.165625