0 0.207031 0.571875 0.357812 0.181250
0 0.262500 0.484375 0.465625 0.153125
0 0.247656 0.389062 0.495312 0.190625
0 0.163281 0.292187 0.326562 0.112500
0 0.163281 0.248438 0.326562 0.128125
0 0.200781 0.180469 0.401562 0.129688
0 0.200781 0.128906 0.401562 0.129688
0 0.176563 0.082812 0.353125 0.118750
0 0.330469 0.073438 0.304688 0.115625
0 0.378125 0.115625 0.400000 0.125000
0 0.361719 0.171875 0.432812 0.143750
0 0.353125 0.235937 0.415625 0.140625
0 0.372656 0.290625 0.376563 0.128125
0 0.502344 0.374219 0.620313 0.179688
0 0.577344 0.475000 0.485938 0.162500
0 0.549219 0.567187 0.429688 0.178125
1 0.790625 0.145313 0.221875 0.290625