0 0.393750 0.126562 0.137500 0.253125
0 0.458594 0.211719 0.164062 0.098437
0 0.489844 0.248438 0.101562 0.171875
0 0.469531 0.288281 0.126562 0.095312
0 0.462500 0.338281 0.115625 0.192188
0 0.483594 0.108594 0.089063 0.217188
0 0.534375 0.185938 0.184375 0.103125
0 0.563281 0.242969 0.126562 0.198437
0 0.521875 0.297656 0.143750 0.098437
0 0.496094 0.350781 0.095312 0.192188
2 0.380469 0.214844 0.179688 0.048438
2 0.414062 0.271094 0.121875 0.026562
1 0.432031 0.450000 0.020313 0.059375
1 0.524219 0.447656 0.029687 0.060937