0 0.278125 0.118750 0.556250 0.062500
0 0.539062 0.080469 0.125000 0.160938
0 0.638281 0.089063 0.126562 0.178125
0 0.688281 0.131250 0.229687 0.093750
0 0.445312 0.178125 0.615625 0.081250
0 0.220312 0.273438 0.184375 0.250000
0 0.386719 0.361719 0.295312 0.079687
0 0.477344 0.412500 0.129688 0.190625
0 0.435156 0.414062 0.117188 0.168750
0 0.347656 0.376563 0.273438 0.078125
0 0.158594 0.272656 0.251563 0.279687
0 0.057031 0.168750 0.114062 0.093750
2 0.329688 0.291406 0.184375 0.060937
2 0.550781 0.221875 0.239063 0.081250
2 0.495312 0.327344 0.137500 0.039062