0 0.976562 0.852344 0.046875 0.095312
0 1.000000 0.911719 0.529687 0.176563
0 1.000000 1.000000 0.340625 0.060937
0 1.000000 1.000000 0.326562 0.053125
0 0.500000 1.000000 1.000000 0.073438
0 0.500000 1.000000 1.000000 0.184375
0 1.000000 1.000000 0.990625 0.200000
0 1.000000 1.000000 0.935937 0.089063
0 1.000000 1.000000 0.739062 0.081250
0 1.000000 0.915625 0.650000 0.168750
0 1.000000 0.870313 0.642188 0.093750
0 1.000000 0.832812 0.689063 0.165625
0 0.960938 0.791406 0.078125 0.160938
0 0.464062 0.680469 0.928125 0.595313
0 0.449219 0.625781 0.898438 0.504687