0 0.385156 0.478906 0.126562 0.245312
0 0.449219 0.394531 0.173437 0.095312
0 0.491406 0.348438 0.095312 0.184375
0 0.461719 0.302344 0.154688 0.095312
0 0.457813 0.219531 0.131250 0.242188
0 0.492969 0.216406 0.095312 0.239063
0 0.523438 0.289844 0.153125 0.095312
0 0.565625 0.346875 0.118750 0.206250
0 0.534375 0.404687 0.181250 0.096875
0 0.489063 0.489063 0.081250 0.243750
2 0.383594 0.372656 0.164062 0.042188
2 0.402344 0.307031 0.142187 0.045312
1 0.430469 0.137500 0.026562 0.065625
1 0.517188 0.133594 0.021875 0.067187
1 0.542188 0.145313 0.018750 0.075000