0 0.070312 0.700781 0.140625 0.110937
0 0.097656 0.597656 0.085938 0.245312
0 0.203906 0.497656 0.279687 0.110937
0 0.269531 0.416406 0.160938 0.220312
0 0.263281 0.349219 0.148438 0.101562
0 0.277344 0.326562 0.120313 0.125000
0 0.282813 0.309375 0.131250 0.096875
0 0.289844 0.295312 0.110937 0.118750
0 0.314844 0.277344 0.160938 0.104688
0 0.324219 0.253125 0.142187 0.128125
0 0.370312 0.253125 0.190625 0.131250
0 0.377344 0.278906 0.176563 0.107813
0 0.350781 0.300000 0.123438 0.121875
0 0.350000 0.318750 0.128125 0.096875
0 0.352344 0.335938 0.132812 0.125000
0 0.341406 0.357812 0.154688 0.106250
0 0.363281 0.434375 0.182812 0.218750
0 0.314844 0.525000 0.276562 0.115625
0 0.235937 0.655469 0.118750 0.298438
2 0.435937 0.326562 0.125000 0.068750
4 0.427344 0.134375 0.085938 0.265625