0 0.538281 0.524219 0.117188 0.204687
0 0.278906 0.470313 0.557813 0.065625
0 0.057031 0.421094 0.114062 0.098437
0 0.153906 0.317188 0.251563 0.290625
0 0.344531 0.210156 0.285938 0.079687
0 0.440625 0.175781 0.109375 0.160938
0 0.473438 0.182031 0.146875 0.173437
0 0.391406 0.223438 0.295312 0.081250
0 0.228125 0.315625 0.187500 0.259375
0 0.443750 0.407031 0.603125 0.064062
0 0.690625 0.447656 0.225000 0.095312
0 0.653906 0.507031 0.151562 0.210938
2 0.343750 0.292969 0.187500 0.060937
2 0.548438 0.360156 0.218750 0.070312
2 0.498437 0.247656 0.165625 0.039062
4 0.457031 0.092969 0.039062 0.057813