0 0.604167 0.805420 0.791667 0.357192
0 0.451852 0.598680 0.498148 0.111883
0 0.510648 0.528839 0.380556 0.083391
0 0.455556 0.482974 0.283333 0.068103
0 0.488426 0.460389 0.217593 0.046560
0 0.513426 0.444058 0.267593 0.052814
0 0.558333 0.429812 0.181481 0.042391
0 0.520370 0.420778 0.114815 0.046560
0 0.451389 0.414177 0.141667 0.050035
0 0.447222 0.421126 0.144444 0.038916
0 0.454630 0.429812 0.162963 0.047950
0 0.425926 0.441974 0.220370 0.045865
0 0.406019 0.459347 0.187963 0.052814
0 0.356481 0.486101 0.294444 0.061849
0 0.370370 0.526060 0.312963 0.080612
0 0.263426 0.593468 0.526852 0.109798
0 0.291667 0.810285 0.583333 0.379430
4 0.241667 0.406185 0.277778 0.103544
1 0.482407 0.369006 0.196296 0.072272