0 0.066406 0.072656 0.132812 0.107813
0 0.090625 0.171094 0.084375 0.260937
0 0.186719 0.275781 0.264062 0.101562
0 0.256250 0.360156 0.153125 0.235937
0 0.258594 0.431250 0.157812 0.093750
0 0.276562 0.446094 0.121875 0.123438
0 0.287500 0.469531 0.143750 0.104688
0 0.300781 0.486719 0.117188 0.117188
0 0.321875 0.505469 0.159375 0.107813
0 0.230469 0.135937 0.114062 0.271875
0 0.307812 0.246875 0.268750 0.103125
0 0.357031 0.334375 0.170313 0.225000
0 0.344531 0.414062 0.160938 0.106250
0 0.358594 0.437500 0.132812 0.128125
2 0.437500 0.450000 0.121875 0.046875
2 0.422656 0.517969 0.085938 0.023438
4 0.438281 0.649219 0.076563 0.260937