0 0.496875 0.356250 0.115625 0.328125
0 0.430469 0.173437 0.189062 0.209375
0 0.272656 0.118750 0.298438 0.084375
0 0.153906 0.104688 0.110937 0.128125
0 0.184375 0.082031 0.171875 0.104688
0 0.181250 0.065625 0.178125 0.115625
0 0.260156 0.061719 0.195312 0.110937
0 0.251563 0.081250 0.212500 0.115625
0 0.193750 0.099219 0.096875 0.107813
0 0.300781 0.102344 0.289062 0.085938
0 0.407031 0.099219 0.095312 0.095312
0 0.468750 0.142187 0.215625 0.178125
0 0.600781 0.332031 0.220312 0.367188
2 0.270313 0.093750 0.165625 0.018750
1 0.114844 0.034375 0.042188 0.068750