0 0.372656 0.934375 0.154688 0.131250
0 0.507031 0.882812 0.392188 0.134375
0 0.460938 0.635156 0.459375 0.342187
0 0.383594 0.490625 0.304688 0.103125
0 0.374219 0.412500 0.323437 0.209375
0 0.324219 0.338281 0.239063 0.110937
0 0.325781 0.299219 0.235937 0.154688
0 0.227344 0.285938 0.204687 0.156250
0 0.213281 0.328906 0.232813 0.114062
0 0.240625 0.399219 0.271875 0.198437
0 0.226562 0.470313 0.300000 0.100000
0 0.282031 0.633594 0.417187 0.382812
0 0.246875 0.825000 0.487500 0.156250
0 0.084375 0.909375 0.168750 0.181250
1 0.439063 0.180469 0.165625 0.354687
1 0.617969 0.293750 0.095312 0.200000