1 0.569531 0.650000 0.129688 0.384375
0 0.139844 0.119531 0.114062 0.239063
0 0.197656 0.207031 0.248438 0.107813
0 0.235156 0.309375 0.151562 0.268750
0 0.245312 0.407031 0.187500 0.098437
0 0.249219 0.475000 0.164062 0.209375
0 0.256250 0.539062 0.193750 0.096875
0 0.242188 0.568750 0.156250 0.156250
0 0.273438 0.609375 0.218750 0.112500
0 0.339062 0.100000 0.137500 0.200000
0 0.380469 0.173437 0.242188 0.118750
0 0.383594 0.289062 0.220312 0.278125
0 0.371094 0.392188 0.210938 0.100000
0 0.360156 0.460156 0.214062 0.207813
0 0.325000 0.529687 0.159375 0.103125
0 0.321094 0.557031 0.164062 0.139063