0 0.121094 0.104688 0.232813 0.209375
0 0.180469 0.214062 0.129688 0.168750
0 0.189844 0.275781 0.145313 0.132812
0 0.203906 0.316406 0.117188 0.135937
0 0.205469 0.361719 0.126562 0.129688
0 0.209375 0.396875 0.118750 0.128125
0 0.276562 0.551562 0.240625 0.350000
0 0.489844 0.080469 0.154688 0.160938
0 0.450781 0.187500 0.217188 0.206250
0 0.395313 0.278125 0.121875 0.137500
0 0.392188 0.321875 0.131250 0.125000
0 0.392969 0.507812 0.120313 0.412500
2 0.418750 0.728125 0.093750 0.034375
1 0.496875 0.792969 0.084375 0.164062