0 0.372500 0.369767 0.288333 0.091473
0 0.431667 0.672868 0.153333 0.654264
0 0.375833 0.329457 0.295000 0.088372
0 0.484167 0.303876 0.105000 0.145736
0 0.493333 0.278295 0.113333 0.097674
0 0.683333 0.292248 0.450000 0.100775
0 0.860833 0.292248 0.111667 0.116279
0 0.874167 0.278295 0.138333 0.097674
0 0.723333 0.324031 0.310000 0.080620
0 0.673333 0.645736 0.193333 0.708527
4 0.653333 0.136434 0.136667 0.269767
1 0.705000 0.089922 0.373333 0.148837
2 0.895000 0.386047 0.206667 0.179845
2 0.932500 0.641860 0.131667 0.201550
2 0.491667 0.234109 0.200000 0.105426