0 0.492188 0.897656 0.159375 0.204687
0 0.377344 0.764062 0.226562 0.218750
0 0.225000 0.628125 0.212500 0.193750
0 0.162500 0.498437 0.106250 0.231250
0 0.225000 0.385156 0.200000 0.170313
0 0.346094 0.303906 0.189062 0.154688
0 0.367969 0.155469 0.129688 0.310937
0 0.410156 0.154688 0.173437 0.309375
0 0.410938 0.303906 0.187500 0.160938
0 0.301563 0.392969 0.203125 0.192188
0 0.282031 0.534375 0.157812 0.221875
0 0.410156 0.649219 0.254688 0.164062
0 0.579688 0.768750 0.225000 0.221875
0 0.708594 0.907031 0.170313 0.185938
2 0.496875 0.460156 0.356250 0.101562
2 0.421094 0.603125 0.135937 0.062500
2 0.251563 0.125000 0.153125 0.068750